ЧАСТИНА I (N = 16)
Вхідний сигнал: [1.87, 4.75, 3.66, 2.99, 0.78, 0.78, 0.29, 4.33, 3.01, 3.54, 0.1, 4.85, 4.16, 1.06, 0.91, 0.92]
Час: 262.10 мкс | Множень: 1056 | Додавань: 512
  k |        A_k |        B_k |      |C_k| |  arg C_k (рад)
--------------------------------------------------------
  0 |     2.3750 |    -0.0000 |     2.3750 |        -0.0000
  1 |    -0.0513 |     0.0944 |     0.1074 |         2.0690
  2 |     0.1668 |    -0.5595 |     0.5839 |        -1.2810
  3 |    -0.2174 |    -0.6591 |     0.6941 |        -1.8893
  4 |     0.3037 |     0.1850 |     0.3557 |         0.5470
  5 |    -0.2946 |     0.0232 |     0.2955 |         3.0629
  6 |    -0.1743 |    -0.2395 |     0.2962 |        -2.2000
  7 |     0.2783 |    -0.0683 |     0.2866 |        -0.2405
  8 |    -0.5275 |    -0.0000 |     0.5275 |        -3.1416
  9 |     0.2783 |     0.0683 |     0.2866 |         0.2405
 10 |    -0.1743 |     0.2395 |     0.2962 |         2.2000
 11 |    -0.2946 |    -0.0232 |     0.2955 |        -3.0629
 12 |     0.3037 |    -0.1850 |     0.3557 |        -0.5470
 13 |    -0.2174 |     0.6591 |     0.6941 |         1.8893
 14 |     0.1668 |     0.5595 |     0.5839 |         1.2810
 15 |    -0.0513 |    -0.0944 |     0.1074 |        -2.0690

ЧАСТИНА II (N_bin = 102, двійковий код: 01100110)
Відліки: [0.0, 1.0, 1.0, 0.0, 0.0, 1.0, 1.0, 0.0]
  k |    Re(C_k) |    Im(C_k) |      |C_k| |  arg C_k (рад)
--------------------------------------------------------
  0 |     0.5000 |    -0.0000 |     0.5000 |        -0.0000
  1 |    -0.0000 |    -0.0000 |     0.0000 |        -3.1416
  2 |    -0.2500 |    -0.2500 |     0.3536 |        -2.3562
  3 |    -0.0000 |     0.0000 |     0.0000 |         2.1326
  4 |     0.0000 |     0.0000 |     0.0000 |         1.5708

ЧАСТИНА III: ОДПФ
Початкові відліки:   [0.0, 1.0, 1.0, 0.0, 0.0, 1.0, 1.0, 0.0]
Відновлені відліки: [-0.0, 1.0, 1.0, -0.0, 0.0, 1.0, 1.0, 0.0]
s(0) розрахункове = -0.0000
s(1) розрахункове = 1.0000
